## htsjdk.samtools.metrics.StringHeader
# EstimateLibraryComplexity INPUT=[Lobster_ovary.bam] OUTPUT=lobster_ovary_complexity.txt    MIN_IDENTICAL_BASES=5 MAX_DIFF_RATE=0.03 MIN_MEAN_QUALITY=20 MAX_GROUP_RATIO=500 MAX_READ_LENGTH=0 MIN_GROUP_COUNT=2 READ_NAME_REGEX=<optimized capture of last three ':' separated fields as numeric values> OPTICAL_DUPLICATE_PIXEL_DISTANCE=100 MAX_OPTICAL_DUPLICATE_SET_SIZE=300000 VERBOSITY=INFO QUIET=false VALIDATION_STRINGENCY=STRICT COMPRESSION_LEVEL=5 MAX_RECORDS_IN_RAM=2279706 CREATE_INDEX=false CREATE_MD5_FILE=false GA4GH_CLIENT_SECRETS=client_secrets.json USE_JDK_DEFLATER=false USE_JDK_INFLATER=false
## htsjdk.samtools.metrics.StringHeader
# Started on: Tue Dec 08 12:24:31 HKT 2020

## METRICS CLASS	picard.sam.DuplicationMetrics
LIBRARY	UNPAIRED_READS_EXAMINED	READ_PAIRS_EXAMINED	SECONDARY_OR_SUPPLEMENTARY_RDS	UNMAPPED_READS	UNPAIRED_READ_DUPLICATES	READ_PAIR_DUPLICATES	READ_PAIR_OPTICAL_DUPLICATES	PERCENT_DUPLICATION	ESTIMATED_LIBRARY_SIZE
Unknown	0	34743485	0	0	0	19045803	705085	0.548183	18749499

## HISTOGRAM	java.lang.Integer
duplication_group_count	Unknown
1	11001946
2	2692881
3	904907
4	377638
5	188533
6	109474
7	71164
8	50149
9	37665
10	28764
11	23435
12	19271
13	15934
14	13735
15	11512
16	10172
17	8859
18	7849
19	6987
20	6251
21	5584
22	4991
23	4599
24	4254
25	3821
26	3614
27	3274
28	3071
29	2816
30	2598
31	2496
32	2281
33	2110
34	2059
35	1967
36	1911
37	1794
38	1605
39	1499
40	1505
41	1364
42	1298
43	1279
44	1116
45	1156
46	1131
47	1050
48	1002
49	925
50	944
51	881
52	841
53	819
54	785
55	729
56	705
57	672
58	706
59	692
60	642
61	622
62	574
63	533
64	542
65	531
66	550
67	481
68	467
69	458
70	467
71	476
72	464
73	385
74	381
75	361
76	348
77	398
78	370
79	348
80	345
81	341
82	345
83	347
84	343
85	316
86	269
87	270
88	324
89	255
90	281
91	288
92	225
93	238
94	253
95	290
96	231
97	228
98	242
99	225
100	228
101	185
102	226
103	205
104	194
105	190
106	186
107	166
108	206
109	189
110	175
111	181
112	182
113	182
114	174
115	165
116	167
117	169
118	161
119	153
120	143
121	136
122	141
123	146
124	132
125	144
126	135
127	135
128	137
129	116
130	126
131	126
132	123
133	120
134	148
135	110
136	108
137	92
138	111
139	126
140	101
141	113
142	128
143	124
144	102
145	82
146	104
147	99
148	91
149	92
150	103
151	103
152	97
153	92
154	78
155	97
156	95
157	97
158	69
159	90
160	90
161	84
162	77
163	81
164	95
165	78
166	82
167	74
168	81
169	75
170	71
171	69
172	69
173	51
174	65
175	65
176	74
177	57
178	66
179	69
180	91
181	58
182	67
183	50
184	50
185	66
186	65
187	53
188	74
189	59
190	59
191	65
192	63
193	48
194	55
195	56
196	49
197	44
198	63
199	52
200	67
201	65
202	64
203	55
204	53
205	49
206	58
207	54
208	58
209	58
210	45
211	42
212	59
213	47
214	52
215	47
216	57
217	39
218	58
219	44
220	38
221	48
222	43
223	38
224	31
225	34
226	46
227	33
228	37
229	40
230	47
231	31
232	37
233	40
234	36
235	28
236	30
237	44
238	32
239	46
240	37
241	32
242	41
243	29
244	34
245	39
246	31
247	33
248	33
249	36
250	38
251	30
252	33
253	25
254	29
255	35
256	42
257	32
258	31
259	42
260	32
261	27
262	25
263	37
264	23
265	24
266	32
267	35
268	30
269	33
270	31
271	29
272	28
273	25
274	30
275	35
276	22
277	28
278	23
279	30
280	33
281	24
282	41
283	16
284	18
285	25
286	26
287	31
288	18
289	32
290	31
291	21
292	20
293	23
294	27
295	29
296	17
297	25
298	23
299	26
300	27
301	28
302	23
303	25
304	20
305	23
306	25
307	19
308	12
309	25
310	24
311	20
312	15
313	22
314	23
315	18
316	21
317	22
318	25
319	21
320	16
321	21
322	11
323	19
324	23
325	16
326	14
327	16
328	18
329	15
330	15
331	16
332	14
333	15
334	21
335	20
336	25
337	18
338	19
339	18
340	12
341	11
342	22
343	10
344	15
345	16
346	25
347	18
348	17
349	14
350	20
351	16
352	14
353	12
354	14
355	18
356	16
357	22
358	12
359	15
360	13
361	16
362	19
363	15
364	18
365	15
366	16
367	13
368	21
369	12
370	20
371	19
372	15
373	19
374	14
375	11
376	16
377	13
378	9
379	18
380	13
381	10
382	14
383	13
384	12
385	12
386	10
387	12
388	16
389	13
390	12
391	13
392	18
393	11
394	17
395	8
396	7
397	13
398	14
399	7
400	14
401	10
402	14
403	13
404	7
405	12
406	7
407	10
408	18
409	5
410	14
411	17
412	10
413	12
414	4
415	12
416	16
417	16
418	14
419	9
420	11
421	9
422	14
423	14
424	8
425	4
426	11
427	13
428	11
429	10
430	20
431	8
432	14
433	9
434	14
435	10
436	11
437	6
438	6
439	8
440	7
441	6
442	4
443	16
444	9
445	19
446	13
447	6
448	13
449	6
450	14
451	10
452	10
453	10
454	8
455	8
456	11
457	10
458	8
459	10
460	8
461	10
462	15
463	9
464	13
465	6
466	11
467	6
468	7
469	13
470	7
471	7
472	8
473	5
474	8
475	8
476	20
477	8
478	6
479	10
480	3
481	11
482	5
483	13
484	10
485	10
486	11
487	6
488	6
489	4
490	4
491	10
492	5
493	6
494	7
495	7
496	4
497	9
498	9
499	8
500	8
501	9
502	6
503	5
504	7
505	10
506	9
507	5
508	10
509	5
510	5
511	6
512	5
513	8
514	9
515	7
516	5
517	9
518	10
519	8
520	4
521	8
522	6
523	4
524	6
525	8
526	7
527	9
528	13
529	5
530	3
531	13
532	6
533	6
534	4
535	8
536	9
537	6
538	10
539	3
540	3
541	6
542	11
543	7
544	10
545	8
546	5
547	5
548	5
549	7
550	8
551	6
552	9
553	6
554	5
555	9
556	3
557	3
558	7
559	8
560	4
561	2
562	4
563	8
564	5
565	9
566	7
567	6
568	6
569	3
570	7
571	4
572	6
573	3
574	5
575	3
576	4
577	9
578	4
579	6
580	7
581	2
582	6
583	6
584	6
585	9
586	8
587	7
588	2
589	6
590	5
591	5
592	3
593	6
594	7
595	7
596	2
597	4
598	9
599	7
600	5
601	7
602	5
603	4
604	5
605	2
606	5
607	5
608	5
609	4
610	6
611	8
612	3
613	5
614	2
615	3
616	6
617	7
618	7
619	7
620	8
621	3
622	5
623	5
624	7
625	6
626	6
627	4
628	3
629	8
630	5
631	6
632	4
633	8
634	3
635	5
636	5
637	8
638	4
639	7
640	7
641	9
642	4
643	2
644	8
645	5
646	6
647	4
648	2
649	3
650	5
651	1
652	4
653	3
654	6
655	7
656	4
657	3
658	2
659	3
660	6
661	2
662	7
663	4
664	10
665	5
666	6
667	1
668	5
669	4
670	3
671	4
672	8
673	2
674	6
675	1
676	4
677	3
678	6
679	7
680	2
681	4
682	1
683	5
684	7
685	6
686	4
687	2
688	4
689	3
690	4
691	5
692	5
693	4
694	3
695	4
696	9
697	5
698	8
699	5
700	6
701	3
702	4
703	4
704	2
705	8
706	3
707	5
708	9
709	1
710	2
711	4
712	5
713	4
714	5
715	2
716	5
717	2
718	3
719	1
720	4
721	1
722	5
723	5
724	5
725	1
726	4
727	1
728	1
729	1
730	3
731	2
732	5
733	6
734	3
735	6
736	2
737	2
738	5
739	4
740	3
741	3
742	6
743	3
744	3
745	1
746	4
747	2
748	9
749	2
750	2
751	6
752	1
753	1
754	2
755	2
756	5
757	2
758	2
759	1
760	1
761	2
762	2
763	8
765	1
766	3
767	2
768	2
769	1
770	3
771	3
772	3
773	6
774	1
775	5
776	8
777	5
778	2
779	2
780	4
781	2
782	5
783	2
784	3
785	5
786	6
787	2
788	3
789	1
790	1
792	1
793	3
796	4
797	1
798	3
799	2
800	5
801	6
802	4
803	3
804	5
805	5
806	2
807	5
808	2
809	3
810	4
811	3
812	2
813	4
814	4
815	1
816	4
817	5
818	4
819	4
820	1
821	2
822	3
823	3
824	3
825	4
826	2
827	4
829	1
830	7
831	1
832	2
833	6
834	2
835	6
836	2
837	2
838	5
839	4
840	3
841	1
842	3
843	3
844	1
845	3
846	2
847	3
848	3
849	2
850	2
851	1
852	4
853	3
854	1
855	1
856	1
857	2
858	1
859	4
860	4
861	2
862	3
863	2
864	2
865	2
866	2
867	2
869	1
870	3
871	2
872	3
873	3
875	2
877	3
878	5
879	7
880	3
881	2
882	2
883	2
884	2
885	2
886	4
887	1
889	1
890	4
891	1
892	2
893	3
894	4
895	2
896	1
897	2
898	5
899	1
900	3
901	1
902	2
903	4
904	4
905	1
906	1
907	2
908	1
909	3
910	2
911	3
912	2
913	4
914	5
915	2
916	4
917	1
918	2
919	1
920	5
921	3
922	2
923	2
924	2
925	3
927	1
928	1
929	4
930	1
931	2
932	7
933	1
934	3
935	1
936	3
937	4
938	1
939	2
940	4
941	2
942	3
943	1
944	2
945	2
946	2
947	2
948	3
949	2
950	3
951	5
952	1
954	1
955	1
957	1
958	3
959	2
960	3
961	3
962	2
963	4
964	1
965	5
966	5
967	3
968	6
969	2
971	1
973	2
974	1
975	2
976	5
977	1
979	1
980	2
981	1
983	3
984	2
985	1
986	2
987	2
988	6
989	4
990	1
991	3
992	1
993	1
994	1
995	2
996	2
997	1
998	2
999	1
1000	4
1001	3
1002	3
1003	1
1004	1
1005	1
1006	2
1007	1
1009	1
1011	2
1012	1
1013	1
1014	1
1015	1
1016	4
1017	1
1018	1
1019	2
1020	2
1021	1
1023	2
1025	4
1026	2
1027	2
1028	1
1029	3
1030	2
1031	3
1032	3
1033	1
1034	3
1035	1
1036	3
1037	3
1038	2
1039	2
1040	2
1041	2
1042	3
1043	2
1045	4
1047	5
1048	1
1049	2
1051	2
1052	1
1054	3
1055	2
1056	2
1058	2
1059	3
1060	1
1061	3
1062	2
1063	4
1064	3
1065	1
1066	2
1067	2
1068	2
1069	3
1070	1
1071	1
1072	1
1073	5
1074	1
1075	2
1076	2
1077	3
1078	2
1079	6
1080	2
1081	3
1084	3
1087	2
1088	3
1089	2
1090	2
1093	1
1094	1
1097	5
1098	1
1099	4
1101	1
1102	2
1103	2
1107	2
1108	1
1109	1
1110	1
1111	1
1112	2
1113	3
1114	2
1115	3
1116	1
1117	1
1118	1
1119	2
1120	3
1121	5
1123	1
1125	3
1128	3
1129	1
1130	3
1131	1
1132	2
1133	1
1134	1
1135	2
1136	2
1137	3
1138	1
1139	1
1140	1
1141	2
1143	1
1145	1
1146	1
1147	1
1148	3
1149	2
1150	2
1151	2
1152	4
1154	1
1155	1
1156	2
1157	1
1159	1
1160	3
1161	2
1162	1
1163	2
1164	2
1166	1
1167	1
1168	2
1171	2
1172	1
1173	1
1174	2
1176	1
1177	1
1178	3
1179	1
1180	1
1181	4
1182	2
1183	2
1184	1
1186	1
1187	2
1188	4
1189	1
1190	1
1192	1
1193	1
1195	1
1196	2
1197	2
1198	1
1199	4
1200	1
1202	2
1203	1
1205	1
1206	1
1207	3
1209	3
1210	2
1211	2
1212	2
1214	2
1215	2
1217	2
1218	1
1220	2
1221	1
1223	2
1224	1
1225	2
1228	2
1229	1
1231	1
1232	1
1234	1
1235	1
1236	1
1237	1
1240	2
1241	1
1242	1
1244	2
1247	2
1248	1
1249	1
1252	1
1253	1
1254	3
1255	1
1257	1
1260	1
1262	1
1263	2
1264	4
1265	1
1266	2
1267	1
1268	1
1269	1
1270	1
1272	2
1273	2
1275	1
1276	1
1278	1
1279	3
1280	1
1281	2
1282	1
1283	1
1284	1
1286	1
1289	1
1291	1
1292	2
1293	1
1296	1
1300	1
1301	1
1303	1
1306	1
1307	1
1308	2
1310	2
1311	2
1314	1
1315	1
1316	2
1317	1
1318	2
1319	1
1322	1
1325	2
1326	3
1330	1
1332	1
1333	1
1334	1
1336	1
1339	1
1340	3
1341	1
1342	2
1343	2
1344	2
1345	1
1347	3
1348	1
1349	1
1351	1
1352	1
1354	1
1355	1
1356	1
1360	2
1362	1
1363	1
1364	1
1368	2
1372	3
1375	2
1376	3
1378	1
1379	1
1380	1
1381	1
1383	1
1384	1
1386	2
1390	3
1394	1
1396	1
1397	1
1399	2
1403	1
1406	1
1407	3
1408	1
1409	1
1410	1
1412	2
1414	1
1416	1
1418	1
1419	1
1420	1
1421	3
1423	3
1425	1
1427	1
1428	1
1429	1
1431	1
1433	2
1434	2
1436	2
1441	1
1442	1
1443	1
1446	2
1447	1
1448	2
1450	1
1455	3
1456	1
1457	1
1458	2
1459	2
1462	1
1463	1
1464	1
1466	1
1468	1
1469	3
1470	2
1471	1
1473	1
1474	2
1475	2
1476	1
1477	1
1478	3
1480	1
1481	2
1482	2
1483	1
1487	2
1488	1
1489	1
1490	1
1498	1
1501	1
1502	1
1503	1
1504	2
1506	1
1507	2
1511	1
1512	2
1513	2
1514	1
1515	1
1516	1
1517	1
1519	3
1526	1
1529	1
1530	4
1531	1
1532	2
1534	1
1535	1
1539	1
1544	1
1546	2
1547	1
1548	1
1549	1
1550	1
1551	1
1553	1
1556	1
1558	1
1559	3
1565	1
1566	1
1567	1
1568	2
1569	1
1571	1
1576	2
1577	1
1578	2
1583	2
1585	2
1587	2
1592	1
1593	3
1596	1
1597	1
1598	1
1599	3
1601	2
1604	1
1605	1
1609	1
1610	1
1612	1
1614	1
1615	1
1619	1
1622	1
1623	1
1624	1
1626	2
1628	1
1629	1
1630	1
1631	1
1633	1
1636	1
1637	1
1640	3
1641	2
1642	1
1644	1
1645	1
1650	1
1651	1
1652	2
1653	1
1654	1
1656	1
1657	1
1659	1
1664	1
1667	1
1668	1
1669	2
1678	1
1679	2
1685	1
1690	1
1694	1
1698	1
1699	1
1701	2
1702	1
1704	2
1705	1
1715	1
1717	1
1718	1
1719	1
1720	1
1724	1
1726	1
1729	1
1731	3
1732	1
1733	2
1737	1
1738	1
1739	1
1740	1
1750	1
1751	1
1755	2
1756	1
1760	1
1762	2
1767	1
1768	1
1769	1
1770	2
1771	1
1772	1
1776	2
1777	2
1779	1
1780	1
1782	1
1784	1
1789	1
1792	1
1795	1
1797	1
1799	1
1807	1
1808	1
1809	1
1813	1
1814	3
1817	1
1819	2
1823	1
1824	1
1828	1
1830	1
1831	1
1834	2
1837	1
1838	1
1841	1
1842	1
1844	1
1846	1
1850	1
1851	1
1854	1
1855	2
1856	1
1859	1
1862	1
1867	1
1874	1
1880	1
1884	1
1891	2
1894	4
1898	1
1903	1
1907	1
1908	1
1916	2
1919	1
1921	2
1925	2
1928	1
1929	1
1933	1
1934	1
1936	2
1944	2
1948	1
1952	1
1953	1
1960	1
1961	1
1966	1
1967	1
1973	1
1974	1
1975	1
1976	1
1977	1
1984	1
1989	1
1992	1
1997	1
1999	2
2005	2
2007	1
2017	1
2018	1
2022	1
2024	1
2029	1
2033	1
2034	1
2037	1
2040	1
2044	1
2053	1
2055	1
2056	2
2057	1
2058	1
2062	1
2065	1
2066	1
2069	1
2074	1
2076	1
2077	2
2081	2
2083	2
2084	1
2086	2
2088	1
2092	1
2093	1
2096	1
2100	2
2101	2
2103	1
2104	1
2116	1
2119	2
2124	1
2128	2
2130	1
2131	1
2132	1
2134	2
2135	1
2139	1
2143	1
2147	1
2150	3
2151	1
2152	1
2156	1
2164	1
2165	3
2167	1
2169	1
2175	1
2183	1
2196	1
2201	1
2203	1
2205	1
2208	1
2212	1
2215	1
2219	1
2228	1
2239	2
2241	1
2242	1
2245	2
2247	1
2248	2
2261	2
2270	1
2272	1
2274	3
2275	1
2280	1
2281	1
2285	1
2292	1
2297	1
2300	1
2311	1
2312	2
2317	1
2322	2
2331	1
2332	1
2334	1
2335	1
2341	1
2349	1
2357	1
2358	2
2361	1
2364	1
2365	2
2366	1
2367	3
2374	2
2375	1
2376	1
2380	1
2384	1
2391	1
2393	1
2400	1
2403	1
2412	1
2414	1
2415	1
2416	3
2417	1
2431	1
2434	1
2440	1
2442	1
2448	1
2449	2
2457	1
2458	1
2463	1
2465	2
2470	3
2471	1
2480	1
2481	1
2487	1
2494	1
2497	1
2502	2
2505	1
2512	2
2517	1
2520	1
2523	1
2526	1
2527	1
2528	2
2529	2
2535	2
2543	1
2544	1
2545	1
2559	1
2564	1
2571	1
2573	1
2588	1
2589	1
2592	1
2601	2
2606	1
2611	2
2613	1
2619	1
2622	2
2625	1
2626	1
2627	1
2629	2
2630	1
2632	1
2640	1
2641	1
2646	1
2647	2
2652	1
2666	1
2667	1
2673	1
2676	1
2677	1
2689	1
2693	1
2697	1
2698	1
2704	1
2713	1
2715	1
2717	1
2721	1
2724	1
2731	2
2738	1
2740	1
2749	1
2756	1
2763	1
2764	1
2767	1
2770	1
2772	1
2776	1
2779	1
2783	1
2788	1
2791	1
2794	1
2798	1
2799	2
2801	1
2803	1
2804	1
2813	1
2814	1
2823	1
2826	1
2832	2
2834	1
2838	1
2839	1
2842	1
2849	2
2850	1
2851	1
2860	1
2865	1
2867	1
2868	1
2874	1
2879	1
2888	1
2890	1
2899	1
2900	1
2902	1
2917	1
2918	1
2919	1
2924	1
2940	1
2948	1
2950	1
2964	1
2965	1
2966	1
2972	1
2974	1
2981	1
2983	1
3001	1
3011	1
3013	1
3031	2
3032	1
3042	1
3046	1
3050	1
3054	1
3090	1
3101	2
3103	1
3108	1
3125	1
3131	1
3135	1
3144	1
3147	1
3148	1
3155	1
3167	1
3175	1
3190	1
3194	1
3201	1
3206	1
3213	1
3224	2
3229	1
3232	1
3233	1
3247	1
3251	1
3280	1
3284	1
3296	1
3304	2
3309	1
3312	1
3322	1
3328	1
3339	1
3349	1
3357	1
3359	1
3366	1
3367	1
3372	1
3375	1
3380	1
3386	1
3391	1
3394	1
3404	1
3409	1
3417	1
3420	1
3425	1
3442	1
3446	1
3451	1
3485	1
3487	1
3495	1
3496	1
3498	1
3503	1
3506	1
3530	1
3546	1
3548	1
3551	1
3558	1
3564	1
3577	1
3578	1
3591	1
3601	1
3621	1
3623	1
3625	1
3628	1
3640	1
3643	1
3644	1
3657	1
3671	1
3678	1
3682	2
3687	1
3697	1
3709	1
3739	1
3748	1
3752	1
3762	1
3784	1
3803	1
3837	1
3860	1
3862	1
3873	1
3892	1
3926	1
3929	1
3937	1
3942	1
3955	1
3980	1
3984	1
3992	1
4008	1
4009	1
4016	1
4039	1
4043	1
4076	1
4079	1
4096	1
4100	1
4114	1
4119	1
4123	1
4126	1
4130	1
4176	1
4177	1
4193	1
4197	1
4204	3
4215	1
4229	1
4246	1
4264	1
4270	1
4280	1
4282	1
4288	1
4310	1
4337	1
4348	1
4349	1
4353	1
4376	1
4389	1
4391	1
4399	1
4400	1
4433	1
4440	1
4456	1
4481	1
4491	1
4501	2
4513	1
4534	1
4539	1
4555	1
4594	1
4598	1
4610	1
4635	1
4655	1
4704	1
4706	1
4712	1
4714	1
4752	1
4795	1
4834	1
4848	1
4853	1
4857	1
4876	1
4881	1
4923	1
4940	1
4941	1
4942	1
4959	1
5022	1
5027	1
5034	1
5047	1
5051	1
5063	1
5071	1
5072	1
5196	1
5214	1
5230	1
5234	1
5287	1
5292	2
5293	1
5315	1
5316	1
5319	1
5329	1
5330	1
5334	1
5344	1
5365	1
5369	1
5375	1
5386	1
5389	1
5392	1
5410	1
5431	1
5433	1
5444	1
5449	1
5465	1
5510	1
5533	1
5544	1
5563	1
5564	1
5565	1
5582	1
5599	1
5662	1
5685	1
5697	1
5702	1
5721	1
5779	1
5822	1
5876	1
5881	1
5921	1
5939	1
5960	1
5999	1
6036	1
6053	1
6090	1
6093	1
6097	1
6101	1
6114	1
6178	1
6213	1
6288	1
6303	1
6377	1
6423	1
6462	1
6463	1
6473	1
6526	1
6559	1
6610	1
6650	1
6672	1
6761	1
6763	1
6796	1
6804	1
6811	1
6869	1
6897	1
6908	1
6911	1
6927	1
6937	1
6954	1
6984	1
7059	1
7078	1
7081	1
7128	1
7131	1
7219	1
7220	1
7255	1
7261	1
7364	1
7402	1
7460	1
7467	1
7605	1
7618	1
7651	1
7711	1
7748	1
7758	1
7760	1
7803	1
7893	1
7981	1
8254	1
8311	1
8613	1
8675	1
8725	1
8823	1
8975	1
9321	1
9504	1
9552	1
9660	1
9680	1
9709	1
9738	1
10079	1
10121	1
10191	1
10242	1
10585	1
10687	1
10804	1
10850	1
10862	1
10974	1
11051	1
11092	1
11119	1
11248	1
11294	1
11316	1
11746	1
11813	1
12176	1
12598	1
12717	1
12849	1
13177	1
13486	1
13488	1
13671	1
13672	1
14228	1
14280	1
14531	1
15407	1
16072	1

