## htsjdk.samtools.metrics.StringHeader
# EstimateLibraryComplexity INPUT=[Lobster_gill.bam] OUTPUT=lobster_gill_complexity.txt    MIN_IDENTICAL_BASES=5 MAX_DIFF_RATE=0.03 MIN_MEAN_QUALITY=20 MAX_GROUP_RATIO=500 MAX_READ_LENGTH=0 MIN_GROUP_COUNT=2 READ_NAME_REGEX=<optimized capture of last three ':' separated fields as numeric values> OPTICAL_DUPLICATE_PIXEL_DISTANCE=100 MAX_OPTICAL_DUPLICATE_SET_SIZE=300000 VERBOSITY=INFO QUIET=false VALIDATION_STRINGENCY=STRICT COMPRESSION_LEVEL=5 MAX_RECORDS_IN_RAM=569926658 CREATE_INDEX=false CREATE_MD5_FILE=false GA4GH_CLIENT_SECRETS=client_secrets.json USE_JDK_DEFLATER=false USE_JDK_INFLATER=false
## htsjdk.samtools.metrics.StringHeader
# Started on: Tue Dec 08 13:34:30 HKT 2020

## METRICS CLASS	picard.sam.DuplicationMetrics
LIBRARY	UNPAIRED_READS_EXAMINED	READ_PAIRS_EXAMINED	SECONDARY_OR_SUPPLEMENTARY_RDS	UNMAPPED_READS	UNPAIRED_READ_DUPLICATES	READ_PAIR_DUPLICATES	READ_PAIR_OPTICAL_DUPLICATES	PERCENT_DUPLICATION	ESTIMATED_LIBRARY_SIZE
Unknown	0	23084818	0	0	0	18321353	470173	0.793654	4806988

## HISTOGRAM	java.lang.Integer
duplication_group_count	Unknown
1	3152235
2	841123
3	296103
4	126592
5	65032
6	39523
7	26876
8	20384
9	15758
10	12897
11	11024
12	9476
13	8105
14	7034
15	6341
16	5609
17	5036
18	4612
19	4013
20	3911
21	3494
22	3391
23	2989
24	2807
25	2595
26	2488
27	2369
28	2184
29	2061
30	1999
31	1872
32	1654
33	1580
34	1515
35	1494
36	1381
37	1348
38	1267
39	1221
40	1220
41	1069
42	1043
43	1101
44	990
45	938
46	962
47	916
48	877
49	847
50	793
51	803
52	724
53	741
54	706
55	648
56	637
57	654
58	646
59	619
60	594
61	584
62	567
63	566
64	574
65	505
66	526
67	514
68	492
69	500
70	453
71	472
72	451
73	425
74	405
75	374
76	409
77	419
78	351
79	390
80	365
81	357
82	376
83	326
84	333
85	313
86	323
87	298
88	340
89	291
90	303
91	314
92	278
93	254
94	267
95	263
96	281
97	245
98	262
99	294
100	265
101	227
102	262
103	256
104	235
105	234
106	247
107	182
108	225
109	229
110	217
111	204
112	196
113	206
114	193
115	199
116	172
117	179
118	186
119	173
120	183
121	167
122	182
123	175
124	170
125	159
126	172
127	150
128	156
129	166
130	136
131	172
132	147
133	153
134	151
135	154
136	150
137	124
138	149
139	143
140	155
141	150
142	136
143	140
144	140
145	143
146	146
147	119
148	140
149	125
150	118
151	115
152	115
153	125
154	108
155	120
156	128
157	116
158	99
159	119
160	101
161	112
162	95
163	98
164	132
165	119
166	107
167	98
168	102
169	96
170	89
171	94
172	95
173	97
174	99
175	72
176	100
177	89
178	82
179	97
180	77
181	86
182	89
183	90
184	90
185	101
186	76
187	73
188	83
189	73
190	81
191	73
192	95
193	79
194	68
195	70
196	73
197	96
198	86
199	88
200	90
201	66
202	96
203	61
204	73
205	82
206	54
207	66
208	68
209	81
210	75
211	68
212	52
213	77
214	51
215	64
216	73
217	69
218	67
219	83
220	54
221	57
222	60
223	50
224	66
225	52
226	56
227	55
228	56
229	65
230	54
231	56
232	59
233	58
234	43
235	48
236	43
237	54
238	62
239	41
240	53
241	57
242	36
243	54
244	46
245	48
246	44
247	45
248	51
249	55
250	54
251	41
252	44
253	36
254	38
255	58
256	53
257	59
258	53
259	41
260	45
261	54
262	43
263	54
264	46
265	51
266	46
267	55
268	51
269	27
270	40
271	39
272	45
273	38
274	50
275	50
276	36
277	47
278	43
279	42
280	38
281	34
282	43
283	32
284	32
285	31
286	44
287	58
288	39
289	45
290	41
291	32
292	49
293	41
294	35
295	37
296	32
297	36
298	35
299	30
300	33
301	45
302	48
303	24
304	47
305	27
306	33
307	42
308	34
309	40
310	38
311	37
312	31
313	41
314	33
315	28
316	42
317	34
318	34
319	24
320	32
321	36
322	42
323	32
324	28
325	26
326	23
327	29
328	33
329	31
330	31
331	29
332	32
333	20
334	34
335	31
336	27
337	31
338	29
339	33
340	22
341	19
342	33
343	24
344	29
345	25
346	28
347	31
348	24
349	35
350	32
351	27
352	23
353	34
354	29
355	28
356	17
357	23
358	28
359	30
360	35
361	26
362	22
363	26
364	24
365	26
366	29
367	28
368	25
369	30
370	30
371	24
372	21
373	24
374	20
375	28
376	26
377	21
378	16
379	23
380	23
381	17
382	26
383	28
384	31
385	25
386	23
387	18
388	20
389	28
390	25
391	18
392	20
393	25
394	28
395	28
396	24
397	25
398	14
399	23
400	21
401	21
402	24
403	19
404	18
405	22
406	19
407	20
408	24
409	22
410	20
411	21
412	18
413	19
414	21
415	25
416	24
417	23
418	22
419	21
420	13
421	27
422	26
423	23
424	15
425	25
426	11
427	16
428	27
429	22
430	24
431	19
432	19
433	12
434	20
435	20
436	14
437	18
438	23
439	25
440	17
441	22
442	25
443	19
444	19
445	14
446	18
447	15
448	15
449	14
450	17
451	20
452	20
453	15
454	14
455	15
456	26
457	16
458	12
459	16
460	19
461	17
462	17
463	12
464	12
465	17
466	19
467	18
468	19
469	21
470	14
471	17
472	20
473	16
474	15
475	13
476	21
477	15
478	11
479	12
480	16
481	24
482	14
483	13
484	11
485	13
486	16
487	14
488	11
489	10
490	18
491	18
492	16
493	19
494	18
495	10
496	8
497	13
498	19
499	12
500	14
501	15
502	15
503	12
504	19
505	18
506	13
507	15
508	16
509	15
510	15
511	15
512	14
513	17
514	10
515	16
516	18
517	13
518	13
519	18
520	15
521	16
522	17
523	12
524	12
525	15
526	13
527	11
528	12
529	14
530	18
531	18
532	20
533	12
534	17
535	9
536	15
537	16
538	16
539	21
540	13
541	14
542	20
543	16
544	9
545	14
546	8
547	12
548	6
549	6
550	12
551	16
552	7
553	16
554	12
555	8
556	9
557	15
558	6
559	8
560	11
561	11
562	15
563	10
564	10
565	8
566	14
567	9
568	17
569	12
570	13
571	13
572	7
573	8
574	11
575	14
576	5
577	13
578	8
579	6
580	10
581	11
582	12
583	11
584	11
585	5
586	13
587	11
588	14
589	10
590	6
591	15
592	14
593	10
594	13
595	2
596	14
597	11
598	9
599	12
600	11
601	12
602	13
603	12
604	10
605	8
606	11
607	6
608	12
609	9
610	10
611	11
612	8
613	10
614	8
615	8
616	10
617	9
618	8
619	7
620	10
621	8
622	10
623	11
624	10
625	18
626	13
627	7
628	9
629	11
630	11
631	13
632	10
633	15
634	12
635	7
636	6
637	14
638	11
639	9
640	7
641	10
642	15
643	8
644	5
645	8
646	8
647	8
648	10
649	8
650	8
651	7
652	9
653	7
654	11
655	9
656	14
657	7
658	14
659	10
660	8
661	6
662	6
663	6
664	9
665	6
666	6
667	8
668	14
669	6
670	7
671	10
672	11
673	8
674	7
675	11
676	11
677	8
678	13
679	7
680	4
681	8
682	6
683	6
684	11
685	10
686	5
687	5
688	8
689	7
690	7
691	6
692	4
693	7
694	8
695	10
696	7
697	8
698	10
699	7
700	4
701	14
702	5
703	3
704	12
705	10
706	7
707	11
708	6
709	9
710	9
711	6
712	5
713	4
714	7
715	7
716	5
717	7
718	7
719	8
720	8
721	9
722	10
723	7
724	9
725	6
726	9
727	12
728	8
729	6
730	9
731	13
732	10
733	5
734	8
735	7
736	5
737	6
738	9
739	11
740	11
741	4
742	6
743	7
744	6
745	7
746	5
747	7
748	7
749	6
750	7
751	8
752	4
753	7
754	9
755	5
756	7
757	5
758	12
759	3
760	8
761	5
762	6
763	10
764	3
765	5
766	5
767	4
768	7
769	5
770	9
771	4
772	4
773	2
774	7
775	10
776	7
777	7
778	6
779	4
780	6
781	7
782	7
783	1
784	6
785	8
786	9
787	9
788	4
789	6
790	9
791	5
792	4
793	8
794	3
795	9
796	4
797	4
798	5
799	8
800	7
801	9
802	12
803	5
804	2
805	8
806	7
807	5
808	7
809	7
810	5
811	4
812	5
813	3
814	7
815	5
817	6
818	5
819	2
820	3
821	6
822	9
823	6
824	9
825	7
826	6
827	6
828	3
829	9
830	4
831	2
832	5
833	10
834	8
835	7
836	7
837	14
838	6
839	5
840	9
841	5
842	3
843	6
844	6
845	4
846	4
847	3
848	6
849	5
850	3
851	8
852	6
853	6
854	3
855	7
856	6
857	4
858	6
859	3
860	4
861	8
862	7
863	8
864	7
865	5
866	4
867	2
868	5
869	6
870	3
871	3
872	6
873	9
874	7
875	8
876	6
877	3
878	4
879	4
880	3
881	5
882	2
883	4
884	7
885	7
886	7
887	5
888	5
889	3
890	5
891	4
892	4
893	6
894	5
895	4
896	5
897	7
898	3
899	4
900	2
901	5
902	3
903	4
904	8
905	4
906	11
907	4
908	6
909	3
910	2
911	5
912	5
913	2
914	6
915	7
916	6
917	4
918	3
919	5
920	2
921	8
922	4
923	4
924	4
925	6
926	7
927	7
928	6
929	4
930	2
931	3
932	2
933	7
934	4
935	4
936	6
937	3
938	3
939	5
940	9
941	4
942	7
944	6
945	5
946	5
947	2
948	2
949	2
950	2
951	7
952	4
953	4
954	2
955	2
956	6
957	8
958	3
959	4
960	2
961	5
962	2
963	8
964	5
965	3
966	4
967	6
968	7
969	3
970	6
971	3
972	4
973	6
974	4
975	5
976	6
977	5
978	3
979	5
980	3
981	3
982	1
983	3
984	15
985	5
986	3
987	5
988	7
989	5
990	5
991	2
992	6
993	7
994	1
995	1
996	1
997	2
998	2
999	2
1000	4
1001	4
1002	4
1003	6
1004	5
1005	4
1006	3
1007	2
1008	4
1009	3
1010	3
1011	3
1013	2
1014	3
1015	6
1016	4
1017	4
1018	4
1019	3
1020	3
1021	1
1022	3
1023	4
1024	2
1025	3
1026	7
1027	3
1028	3
1029	2
1030	3
1031	4
1032	5
1033	2
1034	4
1035	4
1037	4
1038	1
1039	3
1040	6
1041	2
1042	6
1043	4
1044	4
1045	5
1046	3
1047	7
1048	5
1049	5
1050	4
1051	3
1052	2
1053	3
1054	2
1055	3
1056	3
1057	4
1058	4
1059	3
1060	4
1061	5
1062	5
1063	5
1064	5
1065	5
1066	2
1067	2
1068	4
1069	6
1070	1
1071	2
1072	2
1073	3
1074	2
1075	2
1076	3
1077	1
1078	4
1079	6
1080	4
1081	5
1082	4
1083	2
1084	1
1085	2
1086	3
1087	3
1088	3
1089	6
1090	5
1091	2
1093	3
1094	2
1095	2
1096	2
1097	3
1098	1
1099	2
1100	3
1101	3
1102	6
1103	4
1104	4
1105	2
1106	4
1107	2
1108	6
1109	1
1110	4
1111	2
1112	2
1113	4
1114	3
1115	6
1116	2
1117	4
1118	4
1119	3
1120	2
1121	5
1122	3
1123	2
1124	3
1125	4
1126	5
1127	5
1128	5
1129	6
1130	3
1131	5
1132	4
1133	3
1134	1
1135	1
1136	1
1137	2
1138	1
1139	7
1140	3
1141	1
1142	4
1143	4
1144	1
1145	3
1146	3
1147	3
1148	5
1149	2
1150	1
1151	5
1152	4
1153	2
1154	1
1155	1
1156	4
1157	6
1158	4
1159	1
1160	4
1161	2
1162	2
1163	2
1164	2
1165	7
1166	2
1167	2
1168	5
1169	4
1170	3
1171	2
1172	2
1173	2
1174	1
1175	7
1176	2
1177	5
1179	1
1180	4
1181	3
1182	5
1183	3
1184	4
1185	4
1186	5
1187	2
1188	1
1189	3
1190	6
1191	2
1192	2
1193	3
1194	1
1195	3
1196	8
1197	1
1198	1
1199	5
1200	4
1201	6
1202	7
1203	5
1204	1
1205	3
1206	5
1207	4
1209	2
1210	2
1211	4
1212	2
1213	2
1214	5
1215	4
1216	1
1217	1
1218	2
1219	4
1220	2
1221	4
1222	2
1223	4
1224	1
1226	5
1227	4
1228	3
1229	4
1230	1
1231	2
1232	7
1233	1
1234	4
1235	4
1236	1
1237	5
1238	2
1240	1
1242	3
1243	3
1245	3
1246	3
1247	2
1249	5
1250	2
1251	2
1252	2
1253	1
1254	2
1255	2
1256	2
1257	4
1258	3
1259	4
1260	5
1261	2
1262	3
1263	3
1264	2
1265	3
1266	2
1267	1
1268	1
1269	3
1270	2
1272	2
1273	1
1274	4
1275	3
1276	2
1277	3
1278	1
1279	1
1280	2
1281	3
1282	1
1283	1
1284	3
1285	4
1286	4
1287	2
1288	1
1289	5
1291	2
1292	1
1293	2
1294	3
1295	4
1296	2
1297	4
1298	1
1299	2
1301	5
1302	1
1304	1
1305	6
1306	1
1308	1
1309	3
1311	4
1312	2
1313	1
1314	2
1315	5
1316	1
1317	3
1318	2
1319	1
1320	1
1321	2
1322	2
1323	1
1324	2
1325	1
1326	4
1327	2
1328	4
1329	1
1330	1
1332	2
1333	5
1335	2
1336	3
1338	2
1339	2
1340	3
1341	1
1342	5
1343	2
1344	3
1345	3
1346	2
1347	3
1348	2
1349	2
1350	2
1351	3
1352	3
1353	1
1354	1
1355	3
1356	3
1357	4
1358	1
1359	3
1360	2
1361	1
1362	5
1363	3
1364	2
1365	3
1366	1
1367	4
1368	2
1369	2
1370	2
1371	4
1372	1
1373	1
1374	2
1375	4
1376	1
1377	3
1378	2
1379	1
1380	1
1381	3
1382	4
1384	3
1385	1
1386	1
1387	5
1388	3
1389	1
1390	1
1391	2
1392	2
1393	1
1394	4
1395	2
1396	3
1397	1
1398	2
1399	2
1400	4
1401	3
1402	1
1403	3
1404	2
1405	5
1407	2
1408	3
1409	1
1410	1
1411	1
1412	1
1413	2
1414	2
1415	3
1416	4
1417	1
1418	2
1419	2
1420	2
1421	3
1422	7
1423	3
1424	1
1427	4
1428	4
1430	2
1431	1
1432	1
1433	5
1434	4
1435	2
1436	2
1437	2
1438	2
1439	3
1440	1
1441	1
1442	2
1443	1
1444	1
1445	1
1446	4
1447	1
1448	2
1449	3
1450	2
1451	2
1452	4
1454	2
1455	2
1456	2
1457	2
1458	1
1459	2
1460	2
1461	5
1462	1
1464	3
1465	1
1466	3
1467	2
1468	4
1469	1
1471	1
1472	2
1474	3
1475	3
1476	1
1478	4
1479	1
1480	1
1482	2
1483	4
1484	1
1485	1
1486	3
1487	1
1488	4
1490	2
1491	1
1493	2
1494	1
1495	3
1496	2
1497	1
1498	5
1499	1
1500	2
1501	3
1502	1
1503	3
1505	3
1506	2
1507	2
1508	1
1509	2
1510	2
1511	1
1512	3
1513	2
1514	2
1515	2
1516	2
1517	1
1518	6
1519	1
1520	3
1521	2
1522	3
1523	2
1525	2
1526	2
1527	1
1528	4
1529	3
1531	4
1532	3
1533	1
1535	3
1536	3
1537	4
1538	1
1540	1
1541	1
1542	1
1543	1
1544	2
1545	1
1547	2
1548	3
1549	1
1551	1
1552	4
1553	1
1554	1
1555	1
1557	1
1558	4
1559	2
1560	5
1561	2
1562	2
1563	3
1564	1
1565	5
1566	3
1567	1
1568	1
1569	3
1570	2
1571	1
1573	5
1574	2
1575	1
1576	2
1578	3
1580	2
1582	1
1583	3
1585	2
1586	1
1588	1
1589	4
1591	1
1592	4
1593	1
1594	1
1595	2
1596	1
1597	2
1598	2
1599	2
1600	2
1601	2
1602	2
1603	1
1604	1
1605	1
1606	2
1607	2
1608	2
1609	1
1610	2
1611	2
1612	1
1613	2
1614	2
1615	1
1616	4
1617	3
1618	1
1619	2
1620	1
1622	2
1623	3
1624	1
1626	1
1627	2
1629	2
1630	2
1631	1
1632	1
1633	3
1634	1
1637	1
1638	4
1639	3
1641	4
1644	3
1645	1
1647	3
1650	2
1651	1
1653	1
1654	2
1655	2
1656	1
1657	1
1658	2
1659	2
1660	3
1661	1
1663	3
1665	1
1667	1
1668	1
1669	1
1670	1
1671	2
1672	1
1673	1
1675	2
1676	2
1678	2
1679	3
1680	1
1681	1
1682	3
1683	1
1685	1
1686	4
1687	1
1688	1
1689	2
1690	2
1691	3
1692	1
1693	4
1694	3
1695	1
1696	2
1698	1
1700	1
1702	3
1703	1
1704	5
1705	1
1706	2
1707	2
1708	2
1709	1
1710	2
1711	1
1712	2
1713	3
1715	3
1716	1
1717	1
1719	1
1720	2
1721	1
1722	1
1723	2
1724	3
1725	1
1726	1
1729	3
1730	1
1731	1
1732	2
1733	1
1734	3
1735	2
1736	1
1739	1
1740	2
1742	1
1746	2
1747	2
1748	2
1749	1
1750	2
1751	3
1752	3
1753	2
1755	1
1756	1
1759	1
1760	3
1761	2
1763	1
1764	2
1765	2
1767	1
1768	4
1769	1
1770	1
1771	1
1772	1
1773	4
1774	3
1775	1
1778	1
1780	1
1781	2
1782	1
1783	5
1784	2
1785	3
1786	1
1787	1
1788	1
1789	2
1790	2
1791	2
1793	1
1794	2
1795	2
1796	1
1798	5
1799	1
1801	3
1803	1
1804	1
1806	1
1808	2
1810	1
1811	1
1813	3
1814	1
1815	3
1816	2
1817	2
1819	3
1821	2
1822	2
1823	3
1826	2
1827	3
1828	1
1829	3
1830	2
1831	3
1832	1
1833	2
1834	1
1835	1
1838	1
1840	1
1841	1
1843	1
1844	1
1845	3
1846	1
1847	3
1848	1
1849	1
1850	2
1851	3
1853	4
1854	1
1855	1
1858	1
1860	1
1861	2
1863	1
1865	1
1866	2
1867	1
1870	1
1872	1
1874	2
1876	2
1877	2
1878	1
1884	1
1885	2
1886	1
1887	1
1890	3
1891	1
1893	3
1894	2
1895	1
1897	1
1900	2
1902	2
1903	2
1904	1
1906	1
1907	1
1910	3
1912	1
1913	2
1914	1
1915	2
1916	1
1918	1
1920	3
1921	1
1922	1
1923	3
1925	2
1926	1
1928	1
1929	2
1930	1
1931	2
1932	1
1933	2
1935	5
1936	4
1937	2
1938	1
1939	2
1940	1
1942	2
1943	1
1944	1
1945	1
1946	1
1950	2
1951	2
1953	1
1956	1
1957	1
1958	1
1960	1
1961	2
1962	4
1963	1
1965	2
1966	2
1967	1
1968	1
1969	2
1970	1
1972	2
1975	1
1976	3
1977	3
1978	3
1979	1
1980	1
1981	1
1983	1
1984	1
1985	1
1986	2
1987	1
1988	1
1989	2
1990	1
1991	1
1992	2
1993	2
1994	1
1996	2
2000	1
2004	1
2005	1
2006	1
2010	1
2012	2
2013	1
2014	1
2015	1
2016	2
2020	1
2021	1
2022	1
2023	1
2024	1
2025	2
2026	2
2027	1
2029	3
2030	1
2031	2
2032	1
2033	2
2034	1
2035	1
2036	1
2037	2
2038	1
2039	1
2043	2
2044	1
2045	1
2047	1
2048	1
2051	1
2052	1
2053	1
2054	1
2060	1
2061	1
2062	2
2064	2
2065	2
2066	1
2068	2
2073	2
2074	1
2075	3
2076	1
2079	2
2080	1
2083	4
2084	1
2088	1
2090	2
2091	1
2092	1
2093	2
2094	1
2096	2
2101	1
2102	2
2103	1
2104	2
2105	2
2108	2
2110	1
2113	1
2114	2
2115	1
2116	1
2117	1
2120	1
2121	3
2122	1
2125	1
2126	1
2127	3
2128	1
2129	1
2130	3
2133	2
2135	1
2136	1
2137	1
2138	1
2139	2
2140	2
2141	1
2142	2
2143	1
2144	1
2145	2
2146	3
2147	1
2151	1
2153	1
2154	1
2155	2
2156	1
2158	4
2159	2
2160	1
2161	1
2164	1
2165	1
2166	1
2167	2
2168	1
2169	1
2171	1
2173	1
2174	1
2175	1
2176	1
2180	1
2182	1
2183	1
2184	1
2187	1
2188	1
2190	1
2192	1
2193	1
2194	1
2197	2
2198	1
2200	1
2201	2
2202	3
2203	3
2205	2
2206	1
2207	2
2208	1
2210	2
2211	1
2212	1
2213	3
2217	1
2218	1
2223	1
2225	2
2226	2
2229	1
2231	1
2232	1
2233	1
2235	1
2236	1
2237	3
2239	1
2240	2
2241	2
2246	2
2247	2
2249	1
2251	1
2253	1
2255	1
2256	1
2257	1
2259	1
2263	2
2265	1
2266	1
2267	1
2268	1
2269	2
2270	1
2273	3
2275	2
2277	1
2279	2
2281	1
2282	2
2283	2
2284	2
2285	3
2286	1
2290	2
2293	2
2294	2
2296	1
2300	1
2301	1
2303	1
2306	1
2307	1
2308	1
2309	1
2310	1
2314	3
2315	1
2316	2
2317	1
2318	2
2320	4
2321	1
2322	1
2324	3
2326	1
2327	3
2329	1
2330	1
2334	1
2336	3
2337	1
2338	2
2339	1
2341	2
2342	1
2344	3
2347	3
2348	1
2350	1
2352	1
2354	1
2355	1
2357	2
2361	1
2363	3
2364	1
2368	1
2372	2
2373	1
2374	2
2375	1
2378	3
2379	1
2380	1
2381	1
2383	3
2385	1
2386	1
2388	2
2391	1
2392	1
2394	1
2396	1
2397	3
2398	1
2399	1
2401	1
2402	1
2403	1
2404	4
2406	1
2407	2
2410	1
2411	1
2413	1
2414	1
2415	1
2421	1
2423	3
2426	1
2427	2
2428	2
2431	1
2432	1
2434	1
2435	1
2441	1
2442	4
2446	1
2447	1
2449	1
2451	1
2453	1
2458	1
2462	2
2465	1
2467	1
2473	1
2475	1
2476	1
2478	1
2480	2
2481	1
2483	2
2484	1
2485	1
2487	1
2490	1
2491	2
2494	1
2496	2
2497	1
2498	1
2500	1
2503	1
2505	1
2512	1
2514	1
2515	2
2516	2
2519	2
2521	2
2524	1
2525	1
2530	1
2531	1
2532	1
2533	2
2536	1
2539	2
2541	1
2542	1
2543	1
2544	2
2545	1
2546	1
2547	1
2548	1
2551	1
2553	3
2556	1
2558	1
2561	1
2562	2
2563	1
2564	1
2566	3
2567	1
2569	1
2570	1
2571	2
2573	1
2574	1
2575	1
2576	1
2578	1
2579	1
2582	1
2583	1
2585	2
2586	1
2587	2
2591	1
2597	1
2598	2
2601	1
2603	2
2604	1
2606	2
2611	2
2612	1
2616	2
2618	2
2622	1
2624	1
2626	1
2628	2
2630	1
2632	1
2633	1
2635	1
2637	1
2639	1
2640	4
2641	1
2650	1
2655	1
2657	1
2658	1
2659	2
2667	1
2672	1
2674	2
2675	2
2677	1
2678	2
2681	1
2683	1
2685	2
2686	1
2688	1
2689	1
2693	2
2695	2
2697	1
2698	1
2699	1
2700	1
2701	1
2702	2
2703	1
2704	1
2705	1
2706	1
2707	1
2709	3
2710	2
2711	1
2716	1
2719	4
2720	1
2721	4
2724	2
2727	2
2728	1
2731	1
2736	2
2738	1
2739	1
2741	1
2742	1
2747	2
2748	1
2749	2
2750	1
2753	1
2755	1
2756	1
2757	1
2759	1
2761	1
2764	1
2765	1
2767	1
2768	1
2771	1
2773	1
2781	2
2783	1
2797	1
2799	1
2802	1
2803	1
2805	2
2808	1
2809	1
2811	1
2813	1
2815	1
2817	3
2818	1
2819	1
2822	1
2823	1
2826	1
2827	1
2833	1
2836	1
2837	2
2840	2
2841	2
2847	1
2848	2
2849	1
2851	2
2853	2
2859	1
2862	1
2865	1
2866	1
2871	1
2873	1
2874	1
2879	3
2884	1
2887	2
2888	1
2890	1
2891	1
2892	1
2895	5
2898	1
2900	1
2901	1
2902	2
2903	1
2904	1
2905	1
2908	1
2909	2
2913	2
2917	1
2921	1
2924	1
2927	1
2928	2
2929	1
2931	1
2933	1
2935	1
2936	1
2937	1
2938	1
2939	1
2940	1
2942	1
2945	1
2948	1
2956	1
2958	1
2960	1
2961	2
2963	1
2966	1
2967	1
2972	1
2975	1
2977	1
2978	1
2983	1
2986	2
2987	2
2992	1
3000	1
3004	1
3005	1
3008	1
3011	1
3014	2
3015	1
3016	1
3018	1
3019	2
3020	1
3022	1
3023	1
3025	1
3026	2
3028	1
3029	1
3030	1
3034	1
3036	1
3041	1
3042	1
3043	2
3046	1
3047	2
3048	1
3052	2
3057	1
3058	1
3059	3
3060	1
3065	1
3066	1
3067	1
3080	1
3084	1
3085	1
3086	1
3091	2
3092	1
3093	1
3094	1
3101	1
3103	1
3104	1
3106	2
3109	1
3111	1
3113	1
3114	1
3115	1
3119	1
3120	1
3121	1
3124	1
3127	1
3134	1
3135	1
3139	1
3141	1
3143	1
3146	2
3147	1
3148	1
3151	1
3157	1
3173	1
3178	1
3179	1
3183	1
3185	1
3187	1
3192	1
3194	2
3196	1
3203	1
3208	1
3213	1
3216	1
3217	1
3220	1
3223	1
3227	1
3233	1
3236	1
3239	1
3241	1
3244	2
3246	1
3249	1
3251	1
3252	1
3253	1
3254	1
3256	1
3258	1
3260	1
3267	2
3271	1
3273	1
3275	1
3276	1
3279	1
3280	1
3282	1
3287	1
3288	2
3289	1
3291	1
3297	1
3299	1
3300	1
3303	1
3304	1
3307	2
3310	2
3312	1
3316	1
3317	1
3321	1
3323	1
3324	1
3327	1
3328	1
3332	1
3333	1
3339	2
3341	1
3345	2
3349	1
3351	2
3353	1
3359	1
3360	1
3361	1
3368	2
3372	2
3376	2
3381	2
3382	1
3383	1
3386	1
3389	1
3400	1
3402	1
3404	1
3409	1
3412	1
3414	1
3420	1
3423	1
3425	1
3428	1
3430	1
3434	1
3436	4
3437	1
3438	1
3443	1
3444	1
3447	1
3450	1
3452	1
3460	3
3461	1
3471	1
3474	1
3476	1
3480	1
3487	1
3496	1
3497	2
3501	1
3504	1
3509	1
3513	2
3514	2
3515	1
3521	2
3528	1
3530	1
3534	1
3536	1
3541	1
3544	2
3547	1
3550	1
3554	1
3555	1
3556	1
3560	1
3563	1
3565	1
3570	1
3572	1
3575	1
3578	1
3580	1
3584	2
3585	1
3590	1
3592	1
3593	1
3595	1
3602	1
3605	1
3607	1
3609	1
3612	1
3616	1
3623	1
3625	1
3627	1
3636	2
3639	1
3640	1
3644	2
3645	1
3646	1
3653	1
3656	1
3657	1
3664	1
3670	1
3685	1
3687	1
3697	2
3699	1
3700	1
3705	1
3707	1
3708	1
3712	1
3718	2
3723	1
3727	1
3728	2
3730	1
3732	1
3738	1
3743	1
3744	1
3745	1
3749	1
3751	1
3756	2
3758	1
3769	1
3773	1
3775	2
3776	2
3780	1
3785	1
3786	1
3791	1
3796	1
3800	1
3801	1
3802	2
3803	1
3804	1
3806	1
3808	1
3810	1
3812	2
3814	1
3815	1
3819	1
3823	1
3830	1
3835	1
3842	1
3844	1
3845	1
3847	1
3854	1
3855	1
3862	1
3864	1
3865	2
3868	1
3871	1
3875	1
3887	1
3892	1
3898	1
3901	1
3902	1
3906	1
3912	1
3914	1
3918	1
3924	1
3928	1
3929	1
3935	3
3944	2
3952	1
3955	1
3964	1
3965	1
3969	1
3970	1
3981	1
3983	1
3987	1
4004	1
4008	1
4018	1
4021	1
4039	1
4040	1
4043	1
4046	1
4055	1
4063	1
4064	1
4065	1
4066	1
4068	1
4072	1
4076	2
4089	2
4090	2
4105	1
4133	1
4138	2
4139	1
4145	2
4147	1
4149	2
4152	1
4163	2
4171	1
4184	1
4186	1
4189	1
4193	1
4199	1
4202	1
4207	1
4213	1
4222	1
4229	1
4231	1
4239	1
4240	1
4241	1
4246	1
4251	1
4252	1
4253	1
4258	1
4260	1
4262	1
4267	1
4270	1
4277	2
4279	1
4285	1
4302	1
4313	1
4314	1
4316	1
4317	2
4321	1
4322	1
4327	1
4341	1
4351	1
4354	1
4355	1
4364	1
4367	1
4372	1
4376	1
4387	1
4394	1
4399	1
4404	1
4408	2
4409	1
4425	1
4429	1
4437	1
4446	1
4447	1
4449	1
4450	1
4459	2
4460	1
4464	1
4466	1
4472	1
4474	1
4476	1
4481	1
4487	1
4490	1
4499	1
4504	1
4509	1
4513	1
4514	1
4527	1
4528	1
4534	1
4536	1
4537	1
4539	1
4540	1
4541	1
4550	1
4551	1
4552	1
4555	1
4556	2
4562	1
4563	1
4566	1
4572	1
4576	1
4577	1
4582	1
4586	1
4587	1
4595	1
4600	1
4603	1
4610	1
4611	1
4612	1
4614	1
4630	1
4637	1
4640	1
4642	1
4651	1
4654	1
4656	1
4662	1
4663	1
4666	1
4673	1
4679	1
4687	1
4696	1
4697	1
4723	1
4732	1
4734	1
4740	1
4750	1
4752	2
4776	2
4777	1
4778	1
4779	1
4783	1
4788	1
4793	1
4800	1
4816	1
4817	1
4831	1
4837	1
4846	1
4848	1
4854	1
4856	1
4859	1
4861	1
4866	1
4867	1
4870	1
4874	1
4879	1
4884	1
4888	1
4891	1
4897	1
4909	1
4912	1
4913	1
4916	1
4943	1
4945	1
4961	1
4973	1
4976	2
4987	1
4990	1
4991	1
5001	1
5008	1
5011	1
5022	1
5036	1
5053	1
5055	1
5062	1
5064	1
5069	1
5073	1
5082	1
5084	2
5092	1
5105	1
5111	1
5124	1
5126	1
5132	2
5135	1
5152	1
5158	1
5162	2
5178	1
5185	1
5191	1
5197	1
5227	1
5238	1
5239	1
5243	1
5244	1
5246	1
5250	1
5260	1
5263	1
5264	1
5283	1
5284	2
5287	1
5304	2
5313	1
5315	1
5322	1
5329	1
5357	1
5361	1
5375	1
5376	1
5383	1
5384	1
5385	1
5394	1
5404	1
5410	1
5428	1
5444	1
5450	1
5454	1
5458	1
5464	2
5471	1
5474	1
5481	1
5483	1
5484	1
5498	1
5501	1
5502	1
5508	1
5511	2
5527	1
5543	1
5546	1
5559	1
5576	1
5588	1
5589	1
5600	1
5622	2
5637	1
5642	1
5650	1
5654	1
5657	1
5661	1
5686	1
5694	1
5698	1
5714	1
5715	1
5724	1
5734	1
5737	1
5739	1
5746	1
5748	1
5753	1
5760	1
5765	1
5778	1
5784	1
5787	1
5820	1
5828	1
5842	1
5845	1
5859	2
5871	1
5880	1
5903	1
5906	1
5907	1
5928	1
5932	1
5938	1
5940	1
5942	1
5970	1
5975	1
5989	1
5994	1
5999	1
6031	1
6032	1
6033	1
6041	1
6048	1
6050	1
6085	1
6086	1
6095	1
6099	1
6104	1
6111	1
6124	1
6127	1
6140	2
6150	1
6155	1
6161	2
6162	2
6204	1
6208	2
6218	1
6219	1
6247	1
6260	1
6262	1
6265	1
6276	1
6284	1
6286	2
6338	1
6344	1
6352	1
6359	1
6360	2
6363	1
6403	1
6412	1
6437	1
6447	2
6454	1
6456	1
6460	1
6465	1
6467	1
6472	1
6481	1
6489	1
6504	2
6517	1
6524	1
6525	1
6528	1
6542	1
6546	1
6569	1
6571	1
6580	1
6583	1
6584	1
6587	1
6594	1
6595	1
6597	1
6603	1
6615	1
6627	1
6635	1
6637	1
6653	1
6664	1
6670	1
6682	1
6687	1
6705	1
6723	1
6728	1
6752	1
6753	1
6772	1
6780	1
6787	1
6797	1
6832	1
6836	1
6840	1
6841	1
6860	1
6864	1
6872	1
6877	1
6880	1
6895	1
6913	1
6935	1
6943	1
6948	1
6950	1
6954	1
6974	1
6978	1
6979	1
6984	2
7031	1
7044	2
7052	1
7057	1
7076	1
7118	1
7151	1
7153	1
7161	1
7167	1
7194	1
7196	1
7202	1
7210	1
7216	1
7217	1
7220	1
7225	1
7249	1
7276	1
7346	1
7381	1
7382	1
7400	1
7401	1
7414	1
7433	1
7455	1
7456	1
7469	1
7486	1
7487	1
7502	1
7512	1
7517	1
7527	1
7537	1
7545	1
7615	1
7624	1
7648	1
7649	1
7688	1
7719	1
7739	1
7741	1
7750	1
7754	1
7769	1
7786	1
7861	1
7876	1
7885	1
7915	1
7921	1
7923	1
7941	2
7946	1
8002	1
8007	1
8010	1
8019	1
8037	1
8087	1
8088	1
8091	1
8126	1
8136	1
8143	1
8151	1
8161	1
8165	1
8179	1
8185	1
8199	1
8210	1
8211	1
8236	1
8250	1
8252	1
8256	1
8281	1
8317	1
8326	1
8330	1
8337	1
8341	1
8349	1
8365	1
8366	1
8414	1
8415	1
8431	1
8459	1
8486	1
8488	1
8502	1
8524	2
8532	1
8537	1
8559	1
8560	1
8587	1
8591	1
8595	1
8630	1
8662	2
8698	1
8715	1
8773	1
8792	1
8872	1
8898	1
8955	1
8998	1
9009	1
9012	1
9020	1
9073	1
9078	1
9082	1
9107	1
9150	1
9168	1
9193	1
9221	1
9241	1
9243	1
9263	1
9266	2
9271	1
9278	1
9283	1
9326	1
9335	1
9346	1
9366	1
9380	1
9421	1
9459	1
9482	1
9575	1
9587	1
9628	1
9687	1
9721	1
9724	1
9809	1
9825	2
9860	1
9985	1
10003	1
10012	1
10024	2
10156	1
10188	1
10214	1
10245	1
10246	1
10250	1
10258	1
10266	1
10273	1
10323	1
10335	1
10400	1
10403	1
10412	1
10425	1
10522	1
10527	1
10531	1
10548	1
10564	1
10593	1
10607	1
10610	1
10653	1
10674	1
10676	1
10743	1
10768	1
10796	1
10847	1
10854	1
10860	1
10863	1
10866	1
10938	1
10992	1
10998	1
11045	1
11164	1
11195	1
11255	1
11307	1
11310	1
11350	1
11395	1
11544	1
11570	1
11599	1
11603	1
11621	1
11640	1
11720	1
11785	1
11791	1
11794	1
11799	1
11812	1
11863	1
11887	1
11918	1
11919	1
11942	1
11975	1
12010	1
12040	1
12060	1
12063	1
12084	1
12098	1
12123	1
12136	1
12148	1
12191	1
12275	1
12277	1
12301	1
12315	1
12381	1
12441	1
12490	1
12514	1
12558	1
12563	1
12664	1
12669	1
12747	1
12764	1
12807	1
12821	1
12824	1
12829	1
12899	1
12950	1
12993	1
13010	1
13057	1
13114	1
13158	1
13162	1
13247	1
13265	1
13360	1
13372	1
13380	1
13417	1
13449	1
13467	1
13595	1
13599	1
13634	1
13657	1
13668	1
13742	1
13890	1
13959	1
13999	1
14005	1
14008	1
14025	1
14187	1
14204	1
14217	1
14417	1
14434	1
14436	1
14500	1
14503	1
14543	1
14549	1
14568	1
14610	1
14613	1
14641	1
14705	1
14740	1
14991	1
14993	1
15091	1
15104	1
15246	1
15390	1
15508	1
15559	1
15708	1
15733	1
15736	1
15980	1
15981	1
16020	1
16204	1
16386	1
16456	1
16501	1
16518	1
16535	1
16611	1
16861	1
17118	1
17158	1
17314	1

